316
3
4;0;0;1;5;
10;0;0;2;69;104;
19;0;0;3;9;65;279;
21;0;2;3;66;166;245;
2;1;2;3;204;254;262;
13;1;0;3;0;38;54;
20;1;0;3;58;273;276;
21;1;0;4;26;49;167;298;
23;1;2;5;37;79;86;180;278;
27;1;0;3;2;148;292;
17;2;1;3;37;126;264;
19;2;1;2;109;160;
27;2;1;4;37;158;232;257;
6;3;0;2;286;315;
9;3;1;5;76;90;206;288;315;
10;3;0;4;68;120;281;307;
13;3;0;4;131;171;278;285;
0;5;2;3;111;180;218;
10;5;1;5;23;89;106;188;264;
11;5;1;3;97;172;299;
15;5;0;1;53;
25;5;0;2;27;156;
1;6;0;3;79;179;259;
2;6;1;5;18;65;126;127;229;
4;6;1;4;50;64;192;300;
7;6;2;6;78;91;108;236;283;298;
14;6;0;2;7;190;
18;6;2;5;21;131;193;233;247;
21;6;1;2;32;221;
0;7;1;3;101;119;285;
1;7;1;1;40;
3;7;1;2;130;176;
4;7;1;3;28;88;257;
9;7;2;4;70;86;175;237;
15;7;2;3;104;252;264;
19;7;1;1;155;
2;8;1;2;155;174;
6;8;1;7;8;10;12;38;48;181;272;
10;8;2;4;5;37;125;202;
17;8;2;2;232;270;
19;8;2;9;30;92;124;125;158;172;264;298;309;
23;8;0;4;82;152;276;306;
24;8;0;2;52;180;
25;8;1;1;76;
8;9;0;5;113;142;222;306;309;
10;9;2;3;124;283;310;
13;9;1;3;125;289;296;
15;9;1;2;232;247;
25;9;2;2;37;165;
2;10;0;3;7;115;265;
3;10;0;6;24;67;128;189;245;291;
4;10;1;5;214;243;249;269;280;
9;10;2;3;42;99;165;
10;10;2;7;20;54;92;117;186;243;244;
12;10;2;4;5;53;70;102;
13;10;1;3;126;204;295;
14;10;1;6;141;153;182;264;267;294;
18;10;1;1;247;
25;10;0;3;6;194;275;
8;11;0;2;140;311;
12;11;1;1;233;
20;11;1;1;144;
24;11;2;3;132;219;271;
3;12;2;1;181;
5;12;1;1;24;
7;12;0;6;2;23;110;261;288;299;
14;12;0;3;3;205;225;
17;12;0;1;50;
24;12;2;5;15;138;216;234;273;
26;12;0;2;1;190;
27;12;2;4;33;54;148;287;
2;13;0;2;126;253;
5;13;2;1;294;
9;13;1;1;220;
22;13;1;1;118;
1;14;2;3;133;200;202;
11;14;1;5;14;43;83;107;189;
18;14;2;2;100;152;
27;14;1;3;25;145;240;
0;15;0;4;8;22;89;154;
1;15;0;4;95;122;275;296;
3;15;0;1;97;
5;15;0;5;41;124;187;265;284;
16;15;0;3;76;111;139;
18;15;2;2;126;205;
23;15;2;2;110;138;
24;15;0;3;8;33;248;
27;15;2;4;123;164;219;308;
28;15;1;7;32;90;125;196;219;294;297;
2;16;1;4;18;79;135;201;
4;16;1;4;14;88;151;155;
8;16;1;5;25;118;237;284;301;
11;16;2;4;40;53;97;193;
14;16;0;1;152;
17;16;2;4;166;176;223;246;
20;16;1;1;80;
0;17;2;5;126;131;133;177;240;
2;17;0;7;19;81;92;251;270;275;278;
5;17;2;4;122;168;216;255;
6;17;2;1;52;
7;17;0;3;77;284;303;
11;17;2;2;29;215;
15;17;2;3;54;168;283;
18;17;1;3;201;234;303;
20;17;2;5;1;34;181;299;315;
21;17;1;4;211;212;249;270;
24;17;2;2;18;243;
25;17;1;3;76;112;162;
0;18;1;2;25;269;
8;18;1;2;11;117;
14;18;1;7;65;85;126;163;171;200;206;
20;18;2;6;17;83;126;232;253;267;
21;18;0;4;107;256;260;309;
23;18;0;4;44;168;258;312;
2;19;1;4;146;148;174;185;
13;19;2;4;49;166;186;265;
14;19;1;3;209;228;300;
19;19;0;7;53;109;124;131;217;262;302;
20;19;1;4;74;91;144;303;
1;21;0;5;29;159;214;281;286;
8;21;0;3;15;181;199;
12;21;1;3;148;175;240;
25;21;2;4;80;98;287;308;
1;22;2;3;87;189;314;
3;22;1;9;40;45;82;117;148;206;209;300;308;
13;22;1;8;38;40;46;88;172;190;293;300;
16;22;0;11;10;23;55;71;84;96;110;111;139;151;273;
21;22;0;3;23;277;309;
1;23;0;3;50;139;309;
5;23;0;1;273;
8;23;1;2;31;227;
12;23;0;6;16;27;96;117;181;220;
17;23;2;2;62;234;
26;23;2;3;75;96;242;
28;23;2;2;167;180;
3;24;1;3;89;160;189;
9;24;1;3;269;282;307;
12;24;1;1;307;
16;24;2;5;68;85;146;264;268;
19;24;0;6;83;126;128;151;223;268;
22;24;0;6;59;142;143;156;258;310;
27;24;1;2;56;252;
14;25;0;4;44;140;159;254;
20;25;0;2;140;313;
27;25;1;4;61;118;202;246;
28;25;1;5;78;201;211;214;281;
9;27;1;7;114;138;159;273;274;287;305;
14;27;1;2;256;299;
20;27;2;9;9;70;114;121;124;157;181;237;279;
24;27;2;1;224;
26;27;1;2;233;252;
28;27;0;7;90;126;139;187;218;221;301;
2;28;0;4;41;77;93;209;
4;28;1;4;56;212;216;266;
9;28;1;1;79;
10;28;1;3;35;36;90;
12;28;0;3;21;140;232;
18;28;2;1;148;
19;28;0;4;12;40;191;248;
20;28;2;5;119;142;146;176;199;
21;28;1;6;11;135;169;193;196;283;
24;28;0;3;196;217;299;
28;28;0;2;107;276;
1;29;2;3;110;298;304;
3;29;1;5;87;220;223;262;309;
4;29;2;4;48;52;196;237;
6;29;2;4;3;94;115;213;
7;29;0;3;7;134;233;
11;29;2;4;98;102;113;309;
12;29;1;1;160;
17;29;0;2;230;271;
18;29;1;3;16;110;198;
20;29;1;5;19;40;125;269;292;
24;29;2;2;207;253;
4;30;1;4;36;114;222;280;
9;30;1;4;33;121;207;265;
26;30;2;4;31;94;159;231;
4;31;1;2;96;291;
5;31;2;1;269;
12;31;1;4;22;196;227;239;
15;31;2;5;8;17;42;134;227;
16;31;0;7;37;63;104;120;131;148;238;
17;31;1;2;56;291;
19;31;0;2;259;288;
20;31;2;1;300;
24;31;2;3;114;306;307;
25;31;2;6;53;115;200;210;290;304;
27;31;0;5;82;151;286;289;304;
28;31;2;3;18;197;302;
0;32;2;6;50;76;123;135;223;226;
4;32;0;4;26;69;125;195;
6;32;0;3;158;208;244;
9;32;2;2;24;307;
13;32;2;4;27;92;160;206;
16;32;1;3;58;220;273;
18;32;0;3;190;250;259;
21;32;2;5;88;160;161;165;179;
24;32;0;2;188;219;
28;32;1;2;171;230;
2;33;0;3;120;159;216;
13;33;2;5;75;110;186;290;295;
14;33;1;3;89;103;145;
16;33;2;4;38;75;144;230;
17;33;0;2;224;286;
18;33;1;2;4;55;
22;33;2;3;66;84;267;
24;33;2;4;14;110;124;193;
28;33;2;4;173;175;306;309;
3;34;0;1;191;
4;34;0;3;116;124;152;
6;34;2;2;186;292;
8;34;1;2;105;145;
11;34;1;3;105;153;251;
12;34;1;5;166;236;309;311;313;
17;34;0;4;51;119;145;267;
18;34;2;2;101;262;
22;34;2;4;68;98;153;199;
24;34;0;3;117;161;288;
1;35;0;4;17;151;225;268;
7;35;0;6;62;87;88;197;236;285;
9;35;1;6;73;131;164;194;260;271;
19;35;1;2;28;151;
3;36;1;3;44;174;235;
7;36;2;5;94;139;164;189;279;
12;36;0;3;149;203;298;
13;36;0;3;66;218;248;
19;36;1;1;189;
25;36;2;4;130;179;180;238;
27;36;1;1;116;
2;37;2;1;23;
9;38;0;4;170;198;202;251;
10;38;2;1;176;
11;38;1;6;12;39;47;111;156;295;
15;38;0;5;27;60;150;167;290;
17;38;2;4;68;103;132;285;
21;38;2;2;222;263;
27;38;1;3;25;213;219;
0;39;1;5;33;91;148;165;245;
11;39;1;3;181;227;251;
12;39;1;1;179;
21;39;2;4;78;96;121;291;
5;40;0;1;256;
17;40;0;1;133;
21;40;2;4;51;53;106;255;
27;40;0;2;53;191;
0;41;2;3;3;50;237;
3;41;2;2;94;144;
5;41;1;3;27;47;57;
11;41;0;4;86;158;225;301;
14;41;1;3;51;105;300;
15;41;0;1;195;
28;41;1;5;97;212;230;238;273;
1;42;0;4;34;141;150;279;
8;42;2;4;71;111;173;302;
10;42;2;2;4;142;
15;42;1;3;98;243;280;
19;42;0;3;112;147;241;
20;42;0;2;12;32;
26;42;0;2;113;140;
0;43;0;3;22;183;195;
2;43;1;3;112;220;296;
3;43;0;1;65;
4;43;0;5;4;117;164;215;309;
9;43;2;1;235;
14;43;2;7;10;18;34;40;56;138;273;
21;43;0;4;49;82;115;175;
26;43;1;2;153;294;
1;44;0;4;56;111;205;214;
3;44;0;3;138;139;218;
11;44;2;5;51;108;136;172;178;
17;44;2;3;39;97;105;
18;44;0;3;62;170;220;
23;44;1;2;37;315;
25;44;0;8;6;68;126;129;146;194;251;264;
26;44;1;1;146;
3;45;0;4;58;80;97;303;
8;45;0;3;6;41;162;
12;45;0;1;127;
14;45;2;3;8;16;97;
16;45;0;5;2;148;223;252;292;
23;45;1;3;51;174;255;
24;45;0;4;15;119;145;289;
0;46;1;1;136;
2;46;2;4;25;45;102;160;
6;46;0;4;82;91;100;308;
9;46;1;5;16;29;219;234;304;
10;46;0;4;13;119;187;203;
13;46;2;3;70;122;146;
14;46;1;5;14;65;183;217;298;
16;46;1;3;46;187;281;
17;46;2;3;186;200;233;
23;46;1;4;50;177;182;240;
24;46;0;5;9;172;210;279;303;
5;47;1;1;125;
19;47;2;5;56;72;88;266;296;
25;47;1;3;55;200;232;
0;48;0;4;46;80;260;294;
2;48;1;2;88;304;
3;48;1;7;7;25;40;163;224;288;311;
6;48;0;5;19;65;104;147;161;
10;48;1;6;24;116;124;125;184;249;
12;48;1;3;91;151;248;
16;48;2;3;117;188;253;
17;48;0;5;100;103;118;275;292;
19;48;1;5;163;186;187;285;297;
21;48;0;1;146;
1;49;2;4;41;44;185;207;
5;49;2;5;15;136;137;185;192;
6;49;1;4;87;122;124;284;
7;49;0;10;40;44;112;127;128;164;168;207;213;262;
8;49;0;2;45;140;
9;49;0;3;59;213;298;
12;49;0;1;113;
14;49;0;2;143;213;
15;49;2;1;123;
20;49;2;4;13;14;104;272;
