#1
123: 3512 (402,2)
350: 3837 (433,8)
468: 4917 7722 1389 (333,11)
908: 6985 6356 4037 930 (301,22)
930: 908 (90,23)
1275: 2966 2352 10548 (32,31)
1306: 10168 9561 5820 9872 (403,31)
1389: 468 2352 (222,33)
1741: 11435 4659 (458,41)
1953: 10350 3979 (394,46)
2062: 2330 (276,49)
2271: 6335 6283 (322,54)
2290: 3366 (484,54)
2330: 2062 7722 (469,55)
2352: 1275 1389 8628 10545 6453 3979 10255 3784 6502 10287 5803 6878 5820 8718 (189,56)
2382: 6382 (25,57)
2966: 1275 8135 3560 (311,71)
3009: 8653 (402,72)
3014: 10168 (38,73)
3208: 6878 (13,78)
3366: 2290 10350 (343,81)
3512: 123 3837 (146,85)
3560: 2966 4052 (109,86)
3586: 9561 (391,86)
3784: 2352 6898 7802 8295 (92,91)
3837: 350 3512 4932 4423 (240,92)
3849: 7048 (373,92)
3979: 1953 2352 8557 (8,96)
4037: 908 (282,97)
4052: 3560 (26,98)
4354: 8003 (42,105)
4398: 6334 (98,106)
4423: 3837 (343,106)
4437: 8135 (99,107)
4659: 1741 (312,112)
4661: 6920 8344 10287 5190 (329,112)
4692: 5190 (153,113)
4774: 9872 (139,115)
4847: 5803 8054 (147,117)
4917: 468 (450,118)
4931: 10655 (192,119)
4932: 3837 6878 (205,119)
4989: 10655 (426,120)
5190: 4661 4692 (405,125)
5670: 10303 (345,137)
5721: 6878 (452,138)
5794: 7022 (301,140)
5803: 2352 4847 (385,140)
5820: 1306 2352 (68,141)
6283: 2271 10655 (354,152)
6334: 4398 6920 (443,153)
6335: 2271 (452,153)
6356: 908 10255 8003 (237,154)
6360: 7201 (337,154)
6382: 2382 10834 (115,155)
6453: 2352 9768 (465,156)
6502: 2352 10834 (461,157)
6878: 2352 3208 4932 5721 (133,167)
6898: 3784 (328,167)
6920: 4661 6334 8372 (106,168)
6958: 9768 (90,169)
6985: 908 (479,169)
7022: 5794 8718 (383,170)
7048: 3849 7802 (246,171)
7201: 6360 11336 10775 (331,175)
7263: 9400 (237,177)
7670: 10545 10303 (483,186)
7722: 468 2330 9941 11261 (181,188)
7802: 3784 7048 (160,190)
7916: 10545 (364,192)
8003: 4354 6356 (427,194)
8054: 4847 (16,196)
8135: 2966 4437 (483,197)
8292: 9266 (235,201)
8295: 3784 (335,201)
8344: 4661 (393,202)
8372: 6920 (259,203)
8557: 3979 8653 10866 (104,208)
8628: 2352 (306,209)
8653: 3009 8557 (177,210)
8718: 2352 7022 11336 9858 (403,211)
9266: 8292 10720 9858 (280,224)
9400: 7263 9858 (260,227)
9561: 1306 3586 (292,231)
9768: 6453 6958 (425,236)
9858: 8718 9266 9400 (149,239)
9872: 1306 4774 (285,239)
9941: 7722 (450,240)
10021: 10548 (333,242)
10168: 1306 3014 (171,246)
10255: 2352 6356 10655 (406,248)
10287: 2352 4661 (338,249)
10303: 5670 7670 (41,250)
10350: 1953 3366 (449,250)
10545: 2352 7670 7916 (388,255)
10548: 1275 10021 (403,255)
10655: 4931 4989 6283 10255 (278,258)
10720: 9266 (466,259)
10731: 10866 (86,260)
10775: 7201 (123,261)
10834: 6382 6502 (286,262)
10866: 8557 10731 (118,263)
11261: 7722 (116,274)
11336: 7201 8718 11435 (8,276)
11435: 1741 11336 (258,278)
#1
1056: 8945 8176 (477,25)
1410: 3939 (0,34)
3939: 1410 8945 5386 8508 (382,94)
4163: 5386 (351,100)
4283: 8945 (185,103)
5386: 3939 4163 (308,131)
8176: 1056 (390,198)
8508: 3939 (462,206)
8945: 1056 3939 4283 (460,216)
#1
2655: 6764 9392 (42,64)
3746: 8024 (118,90)
5582: 6362 (396,135)
6362: 5582 6764 (365,154)
6764: 2655 6362 11606 8024 (149,164)
7484: 11606 (386,182)
7886: 8024 (449,191)
8024: 3746 6764 7886 11389 (200,195)
9392: 2655 (190,227)
11389: 8024 (164,277)
11606: 6764 7484 (240,282)
#1
356: 8304 (10,9)
1852: 8706 3325 2147 (55,44)
2147: 1852 (458,51)
2366: 7515 10206 (353,56)
3325: 1852 (488,80)
5125: 8706 (106,124)
7515: 2366 (167,183)
8304: 356 8706 (442,201)
8706: 1852 5125 8304 10206 (318,211)
10206: 2366 8706 (207,247)
#1
1519: 8156 (251,36)
2116: 7409 (472,50)
7409: 2116 9452 (14,181)
8156: 1519 9452 (173,198)
9452: 7409 8156 10243 10324 (422,228)
10243: 9452 (235,248)
10324: 9452 (218,250)
#1
288: 9830 1690 (140,7)
511: 9830 (434,12)
1665: 1690 9296 (60,40)
1690: 288 1665 11509 (386,40)
2076: 11509 (465,49)
6187: 8985 (110,150)
7359: 11441 8407 (418,179)
7414: 11509 (63,181)
8407: 7359 (194,204)
8985: 6187 11509 11441 (489,217)
9296: 1665 (159,225)
9830: 288 511 (266,238)
11441: 7359 8985 (331,278)
11509: 1690 2076 7414 8985 (68,280)
