#1
1: 4 101 (5,1)
4: 1 75 (10,1)
10: 58 57 (15,2)
15: 23 82 (9,3)
17: 104 (14,3)
22: 89 (11,4)
23: 15 58 29 57 87 75 (12,4)
29: 23 30 104 51 (3,5)
30: 29 85 82 95 (7,5)
51: 29 (10,8)
57: 10 23 85 (0,9)
58: 10 23 64 (1,9)
64: 58 (11,9)
67: 104 (0,11)
69: 89 104 (3,11)
75: 4 23 89 (15,11)
82: 15 30 (2,13)
85: 30 57 95 (6,13)
87: 23 95 (12,13)
89: 22 69 75 (14,13)
95: 30 85 87 (2,16)
101: 1 (10,17)
104: 17 29 67 69 (14,17)
#2
0: 91 (3,1)
7: 50 (15,1)
8: 47 (10,2)
11: 47 24 (4,3)
12: 50 47 (5,3)
13: 18 (7,3)
18: 13 20 (4,4)
19: 91 (8,4)
20: 18 37 68 (9,4)
21: 91 (10,4)
24: 11 47 (13,4)
25: 91 (14,4)
26: 37 62 (15,4)
37: 20 26 50 61 99 (5,6)
38: 88 43 (10,6)
43: 38 (3,7)
44: 91 (7,7)
47: 8 11 12 24 (1,8)
50: 7 12 37 88 91 66 (8,8)
61: 37 (7,9)
62: 26 (8,9)
66: 50 (13,9)
68: 20 (2,11)
88: 38 50 (13,13)
91: 0 19 21 25 44 50 (5,15)
99: 37 (3,17)
#3
3: 63 71 80 (9,1)
5: 49 (13,1)
6: 93 16 98 (14,1)
16: 6 (12,3)
34: 98 71 (16,5)
35: 63 (1,6)
49: 5 98 80 (6,8)
56: 71 (16,8)
63: 3 35 102 98 (9,9)
71: 3 34 56 93 (6,11)
80: 3 49 (14,12)
83: 98 (3,13)
93: 6 71 (12,15)
98: 6 34 49 63 83 (2,17)
102: 63 (11,17)
#4
2: 76 79 (6,1)
27: 76 77 (1,5)
40: 90 (12,6)
59: 96 76 (4,9)
60: 90 (5,9)
65: 78 (12,9)
70: 90 92 (5,11)
72: 96 (10,11)
76: 2 27 59 78 (2,12)
77: 27 86 (6,12)
78: 65 76 86 90 96 (11,12)
79: 2 (13,12)
86: 77 78 (9,13)
90: 40 60 70 78 (3,15)
92: 70 (9,15)
96: 59 72 78 (12,16)
#5
9: 14 53 28 (12,2)
14: 9 100 84 32 103 (8,3)
28: 9 (2,5)
32: 14 84 (13,5)
36: 100 (3,6)
53: 9 (12,8)
73: 84 (11,11)
84: 14 32 73 (5,13)
100: 14 36 (7,17)
103: 14 (12,17)
#6
31: 52 45 94 (9,5)
33: 55 54 46 (15,5)
39: 45 (11,6)
41: 81 (0,7)
42: 46 97 48 (2,7)
45: 31 39 46 (9,7)
46: 33 42 45 55 81 52 (13,7)
48: 42 (5,8)
52: 31 46 (11,8)
54: 33 74 (13,8)
55: 33 46 (15,8)
74: 54 (12,11)
81: 41 46 (16,12)
94: 31 (0,16)
97: 42 (14,16)
