#1
0: 72 39 91 4 54 (3,1)
1: 47 4 79 101 71 (5,1)
2: 76 79 5 (6,1)
3: 63 71 80 42 (9,1)
4: 0 1 75 (10,1)
5: 2 49 (13,1)
6: 93 16 98 (14,1)
7: 75 82 50 (15,1)
8: 28 47 34 60 (10,2)
9: 14 53 28 (12,2)
10: 58 57 (15,2)
11: 47 17 24 (4,3)
12: 50 98 47 (5,3)
13: 18 (7,3)
14: 9 63 100 84 32 103 78 (8,3)
15: 23 82 (9,3)
16: 6 72 48 (12,3)
17: 11 104 (14,3)
18: 13 20 70 (4,4)
19: 91 70 (8,4)
20: 18 37 54 67 103 68 (9,4)
21: 97 91 69 89 (10,4)
22: 89 (11,4)
23: 15 63 58 29 57 87 75 50 (12,4)
24: 11 53 47 (13,4)
25: 91 73 (14,4)
26: 37 62 80 (15,4)
27: 76 104 42 77 (1,5)
28: 8 9 (2,5)
29: 23 30 104 51 (3,5)
30: 29 85 82 95 (7,5)
31: 52 45 71 94 (9,5)
32: 14 102 84 (13,5)
33: 55 54 46 (15,5)
34: 8 98 71 (16,5)
35: 63 (1,6)
36: 100 95 41 (3,6)
37: 20 26 50 52 61 99 (5,6)
38: 88 43 49 97 (10,6)
39: 0 45 (11,6)
40: 64 90 (12,6)
41: 36 64 95 72 81 (0,7)
42: 3 27 46 97 48 44 (2,7)
43: 38 (3,7)
44: 42 91 (7,7)
45: 31 39 46 (9,7)
46: 33 42 45 55 81 52 (13,7)
47: 1 8 11 12 24 (1,8)
48: 16 42 (5,8)
49: 5 38 98 89 80 (6,8)
50: 7 12 23 37 58 88 91 66 (8,8)
51: 29 (10,8)
52: 31 37 46 (11,8)
53: 9 24 60 (12,8)
54: 0 20 33 74 92 (13,8)
55: 33 46 58 (15,8)
56: 60 71 (16,8)
57: 10 23 85 (0,9)
58: 10 23 50 55 78 64 (1,9)
59: 96 76 (4,9)
60: 8 53 56 90 (5,9)
61: 37 (7,9)
62: 26 (8,9)
63: 3 14 23 35 102 66 98 (9,9)
64: 40 41 58 (11,9)
65: 78 (12,9)
66: 50 63 (13,9)
67: 20 104 (0,11)
68: 20 72 80 73 (2,11)
69: 21 89 104 (3,11)
70: 18 19 90 92 (5,11)
71: 1 3 31 34 56 93 (6,11)
72: 0 16 41 68 100 96 (10,11)
73: 25 68 84 (11,11)
74: 54 (12,11)
75: 4 7 23 89 (15,11)
76: 2 27 59 78 (2,12)
77: 27 86 (6,12)
78: 14 58 65 76 86 90 96 (11,12)
79: 1 2 (13,12)
80: 3 26 49 68 (14,12)
81: 41 46 (16,12)
82: 7 15 30 (2,13)
83: 98 (3,13)
84: 14 32 73 (5,13)
85: 30 57 95 102 (6,13)
86: 77 78 (9,13)
87: 23 95 (12,13)
88: 38 50 (13,13)
89: 21 22 49 69 75 (14,13)
90: 40 60 70 78 (3,15)
91: 0 19 21 25 44 50 (5,15)
92: 54 70 (9,15)
93: 6 71 101 94 (12,15)
94: 31 93 (0,16)
95: 30 36 41 85 87 (2,16)
96: 59 72 78 (12,16)
97: 21 38 42 (14,16)
98: 6 12 34 49 63 83 (2,17)
99: 37 (3,17)
100: 14 36 72 (7,17)
101: 1 93 (10,17)
102: 32 63 85 (11,17)
103: 14 20 (12,17)
104: 17 27 29 67 69 (14,17)
