#1
0: 5 (4,0)
1: 104 (10,0)
2: 9 65 279 (19,0)
5: 0 38 (13,1)
6: 273 58 276 (20,1)
8: 79 180 86 278 37 (23,1)
9: 2 (27,1)
10: 126 37 264 (17,2)
12: 257 232 37 (27,2)
13: 315 286 (6,3)
14: 76 206 288 90 315 (9,3)
15: 281 307 68 120 (10,3)
16: 131 285 171 278 (13,3)
17: 111 218 180 (0,5)
18: 264 23 89 106 188 (10,5)
21: 27 156 (25,5)
22: 259 179 79 (1,6)
23: 18 229 65 126 (2,6)
27: 21 131 233 193 247 (18,6)
28: 221 32 (21,6)
31: 176 130 (3,7)
32: 28 88 257 (4,7)
34: 264 252 104 (15,7)
35: 155 (19,7)
36: 155 (2,8)
37: 8 10 12 272 48 181 38 (6,8)
38: 5 37 202 (10,8)
39: 232 270 (17,8)
42: 180 52 (24,8)
43: 76 (25,8)
47: 247 232 (15,9)
48: 37 165 (25,9)
51: 214 243 (4,10)
52: 42 99 165 (9,10)
55: 204 295 126 (13,10)
56: 264 153 141 267 182 294 (14,10)
57: 247 (18,10)
58: 6 194 275 (25,10)
60: 233 (12,11)
61: 144 (20,11)
63: 181 (3,12)
65: 2 23 261 299 288 110 (7,12)
66: 205 225 (14,12)
68: 15 138 273 216 234 (24,12)
70: 287 (27,12)
71: 126 253 (2,13)
72: 294 (5,13)
74: 118 (22,13)
75: 200 133 202 (1,14)
76: 14 43 189 83 (11,14)
78: 240 145 (27,14)
79: 8 22 89 154 (0,15)
81: 97 (3,15)
82: 284 187 (5,15)
83: 76 139 111 (16,15)
84: 126 205 (18,15)
85: 110 138 (23,15)
86: 8 248 (24,15)
88: 32 196 294 297 90 (28,15)
89: 18 79 135 201 (2,16)
90: 14 88 151 155 (4,16)
91: 284 237 301 118 (8,16)
94: 223 176 246 (17,16)
96: 131 133 240 126 177 (0,17)
97: 81 275 270 278 251 (2,17)
99: 52 (6,17)
100: 284 (7,17)
103: 201 234 (18,17)
104: 1 34 181 299 315 (20,17)
105: 212 211 270 (21,17)
106: 18 243 (24,17)
110: 65 85 163 171 200 126 206 (14,18)
111: 17 83 126 232 253 267 (20,18)
114: 146 (2,19)
118: 74 91 144 (20,19)
119: 159 286 281 214 (1,21)
120: 15 181 199 (8,21)
121: 240 (12,21)
126: 10 23 55 71 84 96 110 111 273 151 139 (16,22)
129: 273 (5,23)
130: 31 227 (8,23)
131: 16 27 96 181 (12,23)
132: 234 (17,23)
133: 75 96 242 (26,23)
134: 180 (28,23)
135: 89 189 160 (3,24)
137: 307 (12,24)
138: 68 85 146 268 264 (16,24)
139: 83 126 151 223 268 (19,24)
141: 56 252 (27,24)
144: 61 118 202 246 (27,25)
145: 78 211 214 201 281 (28,25)
146: 114 138 273 305 274 287 159 (9,27)
150: 233 252 (26,27)
151: 90 126 139 221 218 187 301 (28,27)
153: 56 266 216 212 (4,28)
154: 79 (9,28)
155: 35 36 90 (10,28)
156: 21 232 (12,28)
159: 119 146 176 199 (20,28)
160: 135 169 193 196 (21,28)
161: 196 299 (24,28)
163: 110 304 (1,29)
165: 48 52 237 196 (4,29)
169: 160 (12,29)
170: 230 (17,29)
171: 16 110 198 (18,29)
176: 31 94 159 231 (26,30)
177: 96 291 (4,31)
179: 22 196 239 227 (12,31)
180: 8 17 42 134 227 (15,31)
181: 37 63 104 120 131 238 (16,31)
182: 56 291 (17,31)
183: 288 259 (19,31)
186: 210 290 304 200 (25,31)
187: 82 151 286 289 304 (27,31)
188: 18 302 197 (28,31)
189: 76 135 226 223 (0,32)
193: 27 160 206 (13,32)
194: 58 273 (16,32)
196: 88 160 161 165 179 (21,32)
197: 188 (24,32)
198: 171 230 (28,32)
199: 120 159 216 (2,33)
200: 75 110 186 290 295 (13,33)
201: 89 103 145 (14,33)
202: 38 75 144 230 (16,33)
203: 286 (17,33)
204: 55 (18,33)
205: 66 84 267 (22,33)
206: 14 110 193 (24,33)
210: 186 (6,34)
211: 105 145 (8,34)
212: 105 153 251 (11,34)
214: 51 119 145 267 (17,34)
216: 68 153 199 (22,34)
218: 17 151 268 225 (1,35)
221: 28 151 (19,35)
223: 94 139 189 279 (7,36)
225: 66 218 248 (13,36)
226: 189 (19,36)
227: 130 179 180 238 (25,36)
229: 23 (2,37)
230: 170 198 202 251 (9,38)
231: 176 (10,38)
232: 12 39 47 111 156 295 (11,38)
233: 27 60 150 290 (15,38)
234: 68 103 132 285 (17,38)
237: 91 165 (0,39)
238: 181 227 251 (11,39)
239: 179 (12,39)
240: 78 96 121 291 (21,39)
242: 133 (17,40)
243: 51 106 (21,40)
246: 94 144 (3,41)
247: 27 47 57 (5,41)
248: 86 225 301 (11,41)
251: 97 212 230 238 273 (28,41)
252: 34 141 150 279 (1,42)
253: 71 111 302 (8,42)
257: 12 32 (20,42)
259: 22 183 (0,43)
261: 65 (3,43)
264: 10 18 34 56 138 273 (14,43)
266: 153 294 (26,43)
267: 56 111 205 214 (1,44)
268: 138 139 218 (3,44)
270: 39 97 105 (17,44)
272: 37 315 (23,44)
273: 6 68 126 129 146 194 251 264 (25,44)
274: 146 (26,44)
275: 58 97 (3,45)
276: 6 (8,45)
278: 8 16 97 (14,45)
279: 2 223 252 (16,45)
281: 15 119 145 289 (24,45)
284: 82 91 100 (6,46)
285: 16 234 304 (9,46)
286: 13 119 187 203 (10,46)
287: 70 146 (13,46)
288: 14 65 183 (14,46)
289: 187 281 (16,46)
290: 186 200 233 (17,46)
291: 177 182 240 (23,46)
294: 56 72 88 266 (19,47)
295: 55 200 232 (25,47)
297: 88 304 (2,48)
299: 65 104 161 (6,48)
301: 91 151 248 (12,48)
302: 188 253 (16,48)
304: 163 186 187 285 297 (19,48)
305: 146 (21,48)
307: 15 137 (5,49)
315: 13 14 104 272 (20,49)
#2
3: 245 166 (21,0)
4: 262 254 (2,1)
7: 167 49 26 298 (21,1)
11: 109 (19,2)
19: 172 (11,5)
20: 53 (15,5)
24: 300 64 50 192 (4,6)
25: 298 236 283 108 (7,6)
26: 7 190 (14,6)
29: 101 (0,7)
30: 40 (1,7)
33: 175 (9,7)
40: 30 124 298 309 158 92 172 125 (19,8)
41: 306 152 (23,8)
44: 309 222 306 142 113 (8,9)
45: 283 310 124 (10,9)
46: 296 125 (13,9)
49: 7 115 265 (2,10)
50: 24 245 67 128 (3,10)
53: 20 117 54 244 92 (10,10)
54: 53 102 (12,10)
59: 311 140 (8,11)
62: 271 219 (24,11)
64: 24 (5,12)
67: 50 (17,12)
69: 190 (26,12)
73: 220 (9,13)
77: 152 (18,14)
80: 95 122 296 (1,15)
87: 164 123 308 219 (27,15)
92: 40 53 (11,16)
93: 152 (14,16)
95: 80 (20,16)
98: 168 122 255 (5,17)
101: 29 215 (11,17)
102: 54 168 283 (15,17)
107: 112 162 (25,17)
108: 25 269 (0,18)
109: 11 117 (8,18)
112: 107 309 256 260 (21,18)
113: 44 258 312 168 (23,18)
115: 49 265 166 (13,19)
116: 209 228 300 (14,19)
117: 53 109 124 262 217 (19,19)
122: 80 98 308 (25,21)
123: 87 314 (1,22)
124: 40 45 117 148 300 209 308 (3,22)
125: 40 46 300 190 293 172 (13,22)
127: 277 309 (21,22)
128: 50 309 (1,23)
136: 282 269 (9,24)
140: 59 142 310 258 143 (22,24)
142: 44 140 254 (14,25)
143: 140 313 (20,25)
147: 256 (14,27)
148: 124 157 (20,27)
149: 224 (24,27)
152: 41 77 93 209 (2,28)
157: 148 (18,28)
158: 40 191 (19,28)
162: 107 (28,28)
164: 87 309 220 262 (3,29)
166: 3 115 213 (6,29)
167: 7 (7,29)
168: 98 102 113 309 (11,29)
172: 19 40 125 269 292 (20,29)
173: 207 (24,29)
174: 222 280 (4,30)
175: 33 207 265 (9,30)
178: 269 (5,31)
184: 300 (20,31)
185: 306 (24,31)
190: 26 69 125 195 (4,32)
191: 158 208 244 (6,32)
192: 24 (9,32)
195: 190 250 (18,32)
207: 173 175 309 306 (28,33)
208: 191 (3,34)
209: 116 124 152 (4,34)
213: 166 236 311 313 309 (12,34)
215: 101 262 (18,34)
217: 117 (24,34)
219: 62 87 236 (7,35)
220: 73 164 271 260 (9,35)
222: 44 174 235 (3,36)
224: 149 298 (12,36)
228: 116 (27,36)
235: 222 263 (21,38)
236: 25 213 219 (27,38)
241: 256 (5,40)
244: 53 191 (27,40)
245: 3 50 (0,41)
249: 300 (14,41)
250: 195 (15,41)
254: 4 142 (10,42)
255: 98 280 (15,42)
256: 112 147 241 (19,42)
258: 113 140 (26,42)
260: 112 220 296 (2,43)
262: 4 117 164 215 309 (4,43)
263: 235 (9,43)
265: 49 115 175 (21,43)
269: 108 136 172 178 (11,44)
271: 62 220 (18,44)
277: 127 (12,45)
280: 174 255 (23,45)
282: 136 (0,46)
283: 25 45 102 (2,46)
292: 172 303 (24,46)
293: 125 (5,47)
296: 46 80 260 (0,48)
298: 7 25 40 224 311 (3,48)
300: 24 116 124 125 184 249 303 (10,48)
303: 292 300 (17,48)
306: 41 44 185 207 (1,49)
308: 87 122 124 (6,49)
309: 40 44 112 127 128 164 168 207 213 262 (7,49)
310: 45 140 (8,49)
311: 59 213 298 (9,49)
312: 113 (12,49)
313: 143 213 (14,49)
314: 123 (15,49)
