#1
3: 245 166 (21,0)
4: 262 254 (2,1)
11: 109 (19,2)
24: 64 50 192 (4,6)
29: 101 (0,7)
33: 175 (9,7)
41: 306 (23,8)
44: 309 222 306 142 113 (8,9)
50: 24 245 67 128 (3,10)
54: 102 (12,10)
59: 311 140 (8,11)
62: 271 219 (24,11)
64: 24 (5,12)
67: 50 (17,12)
73: 220 (9,13)
80: 95 122 296 (1,15)
87: 164 123 219 (27,15)
95: 80 (20,16)
98: 168 122 255 (5,17)
101: 29 215 (11,17)
102: 54 168 283 (15,17)
107: 112 162 (25,17)
109: 11 117 (8,18)
112: 107 309 256 260 (21,18)
113: 44 258 312 168 (23,18)
115: 265 166 (13,19)
117: 109 262 217 (19,19)
122: 80 98 (25,21)
123: 87 314 (1,22)
127: 277 309 (21,22)
128: 50 309 (1,23)
140: 59 142 258 143 (22,24)
142: 44 140 254 (14,25)
143: 140 313 (20,25)
147: 256 (14,27)
162: 107 (28,28)
164: 87 309 220 262 (3,29)
166: 3 115 213 (6,29)
168: 98 102 113 309 (11,29)
173: 207 (24,29)
174: 222 280 (4,30)
175: 33 207 265 (9,30)
185: 306 (24,31)
192: 24 (9,32)
207: 173 175 309 306 (28,33)
213: 166 236 311 313 309 (12,34)
215: 101 262 (18,34)
217: 117 (24,34)
219: 62 87 236 (7,35)
220: 73 164 271 260 (9,35)
222: 44 174 235 (3,36)
235: 222 263 (21,38)
236: 213 219 (27,38)
241: 256 (5,40)
245: 3 50 (0,41)
254: 4 142 (10,42)
255: 98 280 (15,42)
256: 112 147 241 (19,42)
258: 113 140 (26,42)
260: 112 220 296 (2,43)
262: 4 117 164 215 309 (4,43)
263: 235 (9,43)
265: 115 175 (21,43)
271: 62 220 (18,44)
277: 127 (12,45)
280: 174 255 (23,45)
283: 102 (2,46)
296: 80 260 (0,48)
306: 41 44 185 207 (1,49)
309: 44 112 127 128 164 168 207 213 262 (7,49)
311: 59 213 (9,49)
312: 113 (12,49)
313: 143 213 (14,49)
314: 123 (15,49)
#1
7: 167 49 26 298 (21,1)
19: 172 (11,5)
20: 53 (15,5)
25: 298 108 (7,6)
26: 7 190 (14,6)
30: 40 (1,7)
40: 30 124 298 158 92 172 125 (19,8)
45: 310 124 (10,9)
46: 125 (13,9)
49: 7 (2,10)
53: 20 244 92 (10,10)
69: 190 (26,12)
77: 152 (18,14)
92: 40 53 (11,16)
93: 152 (14,16)
108: 25 269 (0,18)
116: 209 228 300 (14,19)
124: 40 45 148 300 209 308 (3,22)
125: 40 46 300 190 293 172 (13,22)
136: 282 269 (9,24)
148: 124 157 (20,27)
149: 224 (24,27)
152: 77 93 209 (2,28)
157: 148 (18,28)
158: 40 191 (19,28)
167: 7 (7,29)
172: 19 40 125 269 292 (20,29)
178: 269 (5,31)
184: 300 (20,31)
190: 26 69 125 195 (4,32)
191: 158 208 244 (6,32)
195: 190 250 (18,32)
208: 191 (3,34)
209: 116 124 152 (4,34)
224: 149 298 (12,36)
228: 116 (27,36)
244: 53 191 (27,40)
249: 300 (14,41)
250: 195 (15,41)
269: 108 136 172 178 (11,44)
282: 136 (0,46)
292: 172 303 (24,46)
293: 125 (5,47)
298: 7 25 40 224 (3,48)
300: 116 124 125 184 249 303 (10,48)
303: 292 300 (17,48)
308: 124 (6,49)
310: 45 (8,49)
