#1
10: 126 (17,2)
17: 111 218 (0,5)
18: 23 89 106 188 (10,5)
21: 27 156 (25,5)
23: 18 229 65 126 (2,6)
27: 21 131 233 247 (18,6)
28: 221 (21,6)
35: 155 (19,7)
43: 76 (25,8)
47: 247 232 (15,9)
55: 204 295 126 (13,10)
57: 247 (18,10)
60: 233 (12,11)
65: 23 261 110 (7,12)
66: 205 225 (14,12)
71: 126 253 (2,13)
75: 200 133 (1,14)
76: 43 189 83 (11,14)
78: 240 145 (27,14)
83: 76 139 111 (16,15)
84: 126 205 (18,15)
85: 110 (23,15)
89: 18 135 201 (2,16)
90: 151 155 (4,16)
94: 223 246 (17,16)
96: 131 133 240 126 177 (0,17)
106: 18 (24,17)
110: 65 85 163 171 200 126 (14,18)
111: 17 83 126 232 253 267 (20,18)
126: 10 23 55 71 84 96 110 111 151 139 (16,22)
131: 27 96 (12,23)
133: 75 96 242 (26,23)
135: 89 189 (3,24)
139: 83 126 151 223 268 (19,24)
145: 78 214 201 (28,25)
151: 90 126 139 221 218 187 301 (28,27)
155: 35 90 (10,28)
156: 21 232 (12,28)
163: 110 304 (1,29)
171: 110 198 (18,29)
177: 96 291 (4,31)
186: 290 304 200 (25,31)
187: 151 286 304 (27,31)
188: 18 (28,31)
189: 76 135 226 223 (0,32)
198: 171 (28,32)
200: 75 110 186 290 295 (13,33)
201: 89 145 (14,33)
204: 55 (18,33)
205: 66 84 267 (22,33)
214: 145 267 (17,34)
218: 17 151 268 225 (1,35)
221: 28 151 (19,35)
223: 94 139 189 (7,36)
225: 66 218 (13,36)
226: 189 (19,36)
229: 23 (2,37)
232: 47 111 156 295 (11,38)
233: 27 60 290 (15,38)
240: 78 96 291 (21,39)
242: 133 (17,40)
246: 94 (3,41)
247: 27 47 57 (5,41)
253: 71 111 (8,42)
261: 65 (3,43)
267: 111 205 214 (1,44)
268: 139 218 (3,44)
286: 187 (10,46)
290: 186 200 233 (17,46)
291: 177 240 (23,46)
295: 55 200 232 (25,47)
301: 151 (12,48)
304: 163 186 187 (19,48)
#2
3: 166 (21,0)
4: 262 254 (2,1)
29: 101 (0,7)
44: 309 222 306 142 113 (8,9)
50: 67 128 (3,10)
59: 311 140 (8,11)
67: 50 (17,12)
73: 220 (9,13)
87: 164 123 (27,15)
98: 168 255 (5,17)
101: 29 215 (11,17)
102: 168 (15,17)
107: 112 162 (25,17)
112: 107 309 256 260 (21,18)
113: 44 258 312 168 (23,18)
115: 166 (13,19)
123: 87 314 (1,22)
127: 277 309 (21,22)
128: 50 309 (1,23)
140: 59 142 258 143 (22,24)
142: 44 140 254 (14,25)
143: 140 313 (20,25)
147: 256 (14,27)
162: 107 (28,28)
164: 87 309 220 262 (3,29)
166: 3 115 213 (6,29)
168: 98 102 113 309 (11,29)
173: 207 (24,29)
175: 207 (9,30)
207: 173 175 309 306 (28,33)
213: 166 236 311 313 309 (12,34)
215: 101 262 (18,34)
220: 73 164 271 260 (9,35)
222: 44 235 (3,36)
235: 222 263 (21,38)
236: 213 (27,38)
241: 256 (5,40)
254: 4 142 (10,42)
255: 98 (15,42)
256: 112 147 241 (19,42)
258: 113 140 (26,42)
260: 112 220 (2,43)
262: 4 164 215 309 (4,43)
263: 235 (9,43)
271: 220 (18,44)
277: 127 (12,45)
306: 44 207 (1,49)
309: 44 112 127 128 164 168 207 213 262 (7,49)
311: 59 213 (9,49)
312: 113 (12,49)
313: 143 213 (14,49)
314: 123 (15,49)
#3
11: 160 109 (19,2)
14: 206 (9,3)
20: 53 (15,5)
24: 300 64 192 (4,6)
41: 82 152 (23,8)
45: 283 310 124 (10,9)
49: 265 (2,10)
51: 243 249 (4,10)
53: 20 117 243 244 (10,10)
64: 24 (5,12)
74: 118 (22,13)
77: 100 152 (18,14)
82: 41 124 265 284 (5,15)
93: 152 (14,16)
100: 77 303 284 (7,17)
103: 303 (18,17)
109: 11 117 (8,18)
116: 209 228 300 (14,19)
117: 53 109 124 302 217 (19,19)
118: 74 303 (20,19)
122: 308 (25,21)
124: 45 82 117 300 209 308 206 (3,22)
152: 41 77 93 209 (2,28)
160: 11 283 169 193 (21,28)
161: 217 (24,28)
169: 160 (12,29)
184: 300 (20,31)
192: 24 (9,32)
193: 160 206 (13,32)
206: 14 124 193 (24,33)
209: 116 124 152 (4,34)
217: 117 161 (24,34)
228: 116 (27,36)
243: 51 53 (21,40)
244: 53 (27,40)
249: 51 300 (14,41)
265: 49 82 (21,43)
283: 45 160 (2,46)
284: 82 100 308 (6,46)
300: 24 116 124 184 249 303 (10,48)
302: 117 (16,48)
303: 100 103 118 300 (17,48)
308: 122 124 284 (6,49)
310: 45 (8,49)
#4
7: 167 298 (21,1)
25: 298 108 (7,6)
30: 40 (1,7)
34: 264 (15,7)
40: 30 264 298 158 92 172 (19,8)
56: 264 153 141 182 (14,10)
92: 40 (11,16)
108: 25 269 (0,18)
136: 282 269 (9,24)
138: 264 (16,24)
141: 56 (27,24)
149: 224 (24,27)
153: 56 (4,28)
158: 40 191 248 (19,28)
167: 7 (7,29)
172: 40 269 292 (20,29)
178: 269 (5,31)
182: 56 (17,31)
183: 288 (19,31)
191: 158 208 (6,32)
203: 224 (17,33)
208: 191 (3,34)
210: 292 (6,34)
224: 149 203 298 (12,36)
248: 158 (11,41)
264: 34 40 56 138 (14,43)
269: 108 136 172 178 (11,44)
282: 136 (0,46)
288: 183 298 (14,46)
292: 172 210 (24,46)
298: 7 25 40 224 288 (3,48)
#5
1: 104 (10,0)
2: 9 279 (19,0)
9: 2 148 (27,1)
33: 237 70 (9,7)
36: 174 (2,8)
52: 99 165 (9,10)
54: 70 (12,10)
63: 181 (3,12)
70: 33 54 148 287 (27,12)
91: 237 (8,16)
99: 52 (6,17)
104: 1 181 (20,17)
114: 148 174 185 (2,19)
120: 181 199 (8,21)
121: 148 (12,21)
130: 227 (8,23)
137: 307 (12,24)
148: 9 70 114 121 181 279 157 237 (20,27)
150: 252 (26,27)
157: 148 (18,28)
165: 52 237 (4,29)
174: 36 114 280 (4,30)
181: 63 104 120 148 238 (16,31)
185: 114 307 (24,31)
199: 120 (2,33)
227: 130 238 (25,36)
237: 33 91 148 165 245 (0,39)
238: 181 227 (11,39)
245: 237 (0,41)
252: 150 279 (1,42)
279: 2 148 252 (16,45)
280: 174 (23,45)
287: 70 (13,46)
307: 137 185 (5,49)
#6
0: 5 (4,0)
5: 0 38 (13,1)
26: 190 (14,6)
32: 88 (4,7)
38: 5 125 202 (10,8)
46: 289 296 125 (13,9)
61: 144 (20,11)
62: 219 (24,11)
69: 190 (26,12)
72: 294 (5,13)
88: 32 125 196 294 297 219 (28,15)
125: 38 46 88 190 293 (13,22)
144: 61 202 (27,25)
179: 196 239 (12,31)
190: 26 69 125 195 (4,32)
195: 190 250 259 (18,32)
196: 88 179 (21,32)
197: 219 (24,32)
202: 38 144 (16,33)
219: 62 88 197 285 (7,35)
239: 179 (12,39)
250: 195 (15,41)
259: 195 (0,43)
266: 294 (26,43)
281: 289 (24,45)
285: 219 (9,46)
289: 46 281 (16,46)
293: 125 (5,47)
294: 72 88 266 296 (19,47)
296: 46 294 (0,48)
297: 88 (2,48)
#7
6: 273 58 276 (20,1)
15: 68 (10,3)
31: 176 (3,7)
58: 6 194 (25,10)
68: 15 273 216 234 (24,12)
119: 159 (1,21)
129: 273 (5,23)
132: 234 (17,23)
146: 273 305 274 159 (9,27)
159: 119 146 176 (20,28)
170: 230 (17,29)
176: 31 159 231 (26,30)
194: 58 273 (16,32)
212: 251 (11,34)
216: 68 (22,34)
230: 170 251 (9,38)
231: 176 (10,38)
234: 68 132 (17,38)
251: 212 230 273 (28,41)
273: 6 68 129 146 194 251 (25,44)
274: 146 (26,44)
276: 6 (8,45)
305: 146 (21,48)
#8
16: 278 (13,3)
19: 97 299 (11,5)
39: 270 (17,8)
80: 275 95 (1,15)
81: 97 (3,15)
95: 80 (20,16)
97: 19 81 275 270 278 (2,17)
105: 211 270 (21,17)
211: 105 (8,34)
270: 39 97 105 (17,44)
275: 80 97 (3,45)
278: 16 97 (14,45)
299: 19 (6,48)
#9
8: 79 180 86 37 (23,1)
12: 257 37 (27,2)
13: 315 (6,3)
22: 79 (1,6)
37: 8 12 272 48 (6,8)
42: 180 (24,8)
48: 37 (25,9)
79: 8 22 154 (0,15)
86: 8 (24,15)
134: 180 (28,23)
154: 79 (9,28)
180: 8 42 134 (15,31)
257: 12 (20,42)
272: 37 315 (23,44)
315: 13 272 (20,49)
